13 24 27 32 35 43 79 87 98
13 24 27 32 35 46 76 87 98
13 24 27 32 35 54 68 87 98
13 24 27 32 35 54 76 79 98
13 24 27 32 35 57 65 87 98
13 24 27 32 35 65 68 76 98
13 24 27 32 35 65 76 79 87
13 24 27 32 43 46 68 87 98
13 24 27 32 43 46 76 79 98
13 24 27 32 43 54 68 79 98
13 24 27 32 43 57 65 79 98
13 24 27 32 43 57 68 76 98
13 24 27 32 43 57 76 79 87
13 24 27 32 43 65 68 79 87
13 24 27 32 46 54 57 87 98
13 24 27 32 46 54 65 79 98
13 24 27 32 46 54 68 76 98
13 24 27 32 46 54 76 79 87
13 24 27 32 46 57 65 76 98
13 24 27 32 46 65 68 76 87
13 24 27 32 54 57 65 68 98
13 24 27 32 54 57 65 79 87
13 24 27 32 54 57 68 76 87
13 24 27 32 54 65 68 76 79
13 24 27 35 43 46 65 87 98
13 24 27 35 43 54 57 87 98
13 24 27 35 43 54 65 79 98
13 24 27 35 43 54 68 76 98
13 24 27 35 43 54 76 79 87
13 24 27 35 43 57 65 76 98
13 24 27 35 43 65 68 76 87
13 24 27 35 46 54 65 76 98
13 24 27 35 54 57 65 76 87
13 24 27 43 46 54 57 76 98
13 24 27 43 46 54 65 68 98
13 24 27 43 46 54 65 79 87
13 24 27 43 46 54 68 76 87
13 24 27 43 46 57 65 76 87
13 24 27 43 54 57 65 68 87
13 24 27 43 54 57 65 76 79
13 24 32 35 43 46 68 79 98
13 24 32 35 43 57 68 79 87
13 24 32 35 46 54 57 79 98
13 24 32 35 46 54 68 79 87
13 24 32 35 46 57 65 68 98
13 24 32 35 46 57 65 79 87
13 24 32 35 46 57 68 76 87
13 24 32 35 46 65 68 76 79
13 24 32 35 54 57 68 76 79
13 24 32 43 46 57 68 76 79
13 24 32 43 65 76 87 98
13 24 32 46 54 57 65 68 79
13 24 35 43 46 54 57 68 98
13 24 35 43 46 54 57 79 87
13 24 35 43 46 54 68 76 79
13 24 35 43 46 57 65 68 87
13 24 35 43 46 57 65 76 79
13 24 35 43 54 57 65 68 79
13 24 35 46 54 57 65 68 76
13 24 57 79 80 87 98
13 24 68 76 79 80 98
13 27 32 35 43 46 57 87 98
13 27 32 35 43 46 65 79 98
13 27 32 35 43 46 68 76 98
13 27 32 35 43 46 76 79 87
13 27 32 35 43 54 57 79 98
13 27 32 35 43 54 68 79 87
13 27 32 35 43 57 65 68 98
13 27 32 35 43 57 65 79 87
13 27 32 35 43 57 68 76 87
13 27 32 35 43 65 68 76 79
13 27 32 35 46 54 57 76 98
13 27 32 35 46 54 65 68 98
13 27 32 35 46 54 65 79 87
13 27 32 35 46 54 68 76 87
13 27 32 35 46 57 65 76 87
13 27 32 35 54 57 65 68 87
13 27 32 35 54 57 65 76 79
13 27 32 43 46 54 57 68 98
13 27 32 43 46 54 57 79 87
13 27 32 43 46 54 68 76 79
13 27 32 43 46 57 65 68 87
13 27 32 43 46 57 65 76 79
13 27 32 43 54 57 65 68 79
13 27 32 46 54 57 65 68 76
13 27 35 43 46 54 57 65 98
13 27 35 43 46 54 57 76 87
13 27 35 43 46 54 65 68 87
13 27 35 43 46 54 65 76 79
13 27 35 43 54 57 65 68 76
13 27 54 79 80 87 98
13 27 57 76 80 87 98
13 27 65 68 80 87 98
13 27 65 76 79 80 98
13 32 35 43 46 57 65 68 79
13 32 35 43 54 76 87 98
13 32 43 46 54 65 87 98
13 32 43 54 57 65 76 98
13 32 43 54 65 68 76 87
13 35 46 79 80 87 98
13 35 57 68 80 87 98
13 35 57 76 79 80 98
13 35 65 68 79 80 98
13 35 68 76 79 80 87
13 43 57 68 79 80 98
13 46 54 68 79 80 98
13 46 57 65 79 80 98
13 46 57 68 76 80 98
13 46 57 76 79 80 87
13 46 65 68 79 80 87
13 54 57 68 79 80 87
13 57 65 68 76 79 80
24 27 32 35 43 46 54 79 98
24 27 32 35 43 46 57 76 98
24 27 32 35 43 46 65 68 98
24 27 32 35 43 46 65 79 87
24 27 32 35 43 46 68 76 87
24 27 32 35 43 54 57 68 98
24 27 32 35 43 54 57 79 87
24 27 32 35 43 54 68 76 79
24 27 32 35 43 57 65 68 87
24 27 32 35 43 57 65 76 79
24 27 32 35 46 54 57 65 98
24 27 32 35 46 54 57 76 87
24 27 32 35 46 54 65 68 87
24 27 32 35 46 54 65 76 79
24 27 32 35 54 57 65 68 76
24 27 32 43 46 54 57 68 87
24 27 32 43 46 54 57 76 79
24 27 32 43 46 54 65 68 79
24 27 32 43 46 57 65 68 76
24 27 35 43 46 54 57 65 87
24 27 35 43 46 54 65 68 76
24 27 43 79 80 87 98
24 27 46 76 80 87 98
24 27 54 68 80 87 98
24 27 54 76 79 80 98
24 27 57 65 80 87 98
24 27 65 68 76 80 98
24 27 65 76 79 80 87
24 32 35 43 46 54 57 68 79
24 32 35 43 54 65 87 98
24 32 43 46 54 65 76 98
24 32 43 54 57 65 76 87
24 32 57 68 79 80 98
24 35 46 68 80 87 98
24 35 46 76 79 80 98
24 35 54 68 79 80 98
24 35 57 65 79 80 98
24 35 57 68 76 80 98
24 35 57 76 79 80 87
24 35 65 68 79 80 87
24 43 46 68 79 80 98
24 43 57 68 79 80 87
24 46 54 57 79 80 98
24 46 54 68 79 80 87
24 46 57 65 68 80 98
24 46 57 65 79 80 87
24 46 57 68 76 80 87
24 46 65 68 76 79 80
24 54 57 68 76 79 80
27 32 35 43 46 54 57 65 79
27 32 35 43 46 54 57 68 76
27 32 35 79 80 87 98
27 32 46 68 80 87 98
27 32 46 76 79 80 98
27 32 54 68 79 80 98
27 32 57 65 79 80 98
27 32 57 68 76 80 98
27 32 57 76 79 80 87
27 32 65 68 79 80 87
27 35 43 68 80 87 98
27 35 43 76 79 80 98
27 35 46 65 80 87 98
27 35 54 57 80 87 98
27 35 54 65 79 80 98
27 35 54 68 76 80 98
27 35 54 76 79 80 87
27 35 57 65 76 80 98
27 35 65 68 76 80 87
27 43 46 57 80 87 98
27 43 46 65 79 80 98
27 43 46 68 76 80 98
27 43 46 76 79 80 87
27 43 54 57 79 80 98
27 43 54 68 79 80 87
27 43 57 65 68 80 98
27 43 57 65 79 80 87
27 43 57 68 76 80 87
27 43 65 68 76 79 80
27 46 54 57 76 80 98
27 46 54 65 68 80 98
27 46 54 65 79 80 87
27 46 54 68 76 80 87
27 46 57 65 76 80 87
27 54 57 65 68 80 87
27 54 57 65 76 79 80
32 35 43 46 54 65 76 87
32 35 46 68 79 80 98
32 35 57 68 79 80 87
32 46 57 68 76 79 80
32 65 76 80 87 98
35 43 46 57 79 80 98
35 43 46 68 79 80 87
35 43 57 68 76 79 80
35 46 54 57 68 80 98
35 46 54 57 79 80 87
35 46 54 68 76 79 80
35 46 57 65 68 80 87
35 46 57 65 76 79 80
35 54 57 65 68 79 80
43 46 57 65 68 79 80
43 54 76 80 87 98
